с балансом

рефил 1 (1 2 4 6 8 12 16)
5.02736
10.031
13.3501
16.1545
20.8414
25.6141
28.6161

рефил 2 (1 2 4 6 8 12 16)
5.02752
11.291
38.0425
81.1965
139.849
307.173
365.433

рефил 3 (1 2 4 6 8 12 16)
7.54079
8.78556
14.3457
17.9495
23.846
30.1585
38.8176



без баланса 

рефил 1 (1 2 4 6 8 12 16)
5.02714
10.0291
17.5646
24.5479 
33.545
45.6149
52.1396

рефил 2 (1 2 4 6 8 12 16)
5.02754
15.0535 
46.2164
93.2236
156.242
330.977
386.392

рефил 3 (1 2 4 6 8 12 16)
7.54432
11.2948 
21.8464 
30.8323 
41.3711
57.1084
71.4146